case	year	multi	admit	rulp	ruld	duration	concede	disc	ntb	many	panel	ldc1	ldc2	tradep1	tradep2	gdprat	ruling	ruldir	sdate	title	hudec	art22ai	art23ai	stnam1	stnam2	stnum	stnum2
1	1948	0	0	1	0	0	3	1	0	0	1	0	1	NA	NA	NA	1	1	1948-07-19	Consular Taxes	1	NA	1	Netherlands	Cuba	210	40
2	1948	0	0	1	0	1	3	1	1	0	1	1	1	NA	NA	NA	1	1	1948-08-24	Tax Rebates on Exports	2	NA	2	Pakistan	India	770	750
3	1948	0	0	0	0	0	3	0	1	0	1	0	1	NA	NA	NA	0	NA	1948-09-09	Restrictions on Textiles (I)	3	NA	3	United States	Cuba	2	40
4	1949	0	0	1	0	8	3	0	1	0	1	0	1	0.04590754956007	0.00806205626577139	0.149381414055824	1	1	1949-04-25	Internal Taxes	4	NA	4	France	Brazil	220	140
5	1949	0	0	0	0	0	1	0	0	0	1	0	1	0.00331156351603568	NA	NA	0	NA	1949-05-14	Restrictions on Textiles (II)	5	NA	5	United States	Cuba	2	40
6	1949	0	0	0	1	0	1	1	1	0	1	0	0	NA	0.000242912021349184	NA	1	3	1949-05-30	Export Restrictions	6	NA	6	Czechoslovakia	United States	315	2
7	1949	0	0	0	1	0	1	1	0	0	1	1	0	NA	0.00318632344715297	NA	1	3	1949-07-26	Margins of Preferences to Cuba	7	NA	7	Cuba	United States	40	2
8	1949	0	0	1	0	1	3	0	1	0	1	1	0	9.11648530745879e-05	4.832427657675e-05	0.346437573432922	1	1	1949-07-27	Subsidy on Ammonium Sulfate	8	NA	8	Chile	Australia	155	900
9	1950	0	0	0	0	0	3	0	1	0	0	0	0	0.00218279985710979	NA	NA	0	NA	1950-10-07	Export Restrictions on Hides	9	NA	9	United States	France	2	220
10	1950	0	0	0	0	0	2	0	1	0	0	0	0	0.0570475123822689	NA	NA	0	NA	1950-10-07	Quantitative Restrictions	10	NA	10	Belgium	France	211	220
11	1950	0	0	0	0	0	2	0	1	0	0	0	0	0.0592276714742184	0.00696980999782681	0.10528814047575	0	NA	1950-10-07	Quantitative Restrictions	11	NA	NA	Belgium	United Kingdom	211	200
12	1950	0	1	0	0	2	3	0	1	0	0	0	0	NA	0.00910778902471066	NA	0	NA	1950-10-26	Purchase Tax Exemption	12	NA	11	Netherlands	United Kingdom	210	200
13	1950	0	0	0	1	1	1	0	0	0	1	0	0	0.0361778177320957	0.000177470821654424	0.00488156825304031	1	3	1950-11-07	Article XIX on Fur Felt Hats	13	NA	12	Czechoslovakia	United States	315	2
14	1951	1	0	1	0	3	3	1	1	0	1	0	0	0.0108993416652083	0.00399014633148909	0.276923686265945	1	1	1951-09-19	Family Allowances	14	NA	14	Norway	Belgium	385	211
15	1951	1	0	1	0	3	3	1	1	0	1	0	0	0.00736573711037636	0.00399014633148909	0.361719310283661	1	1	1951-09-19	Family Allowances	14	NA	14	Denmark	Belgium	390	211
16	1951	1	1	1	0	4	1	0	1	0	1	0	0	0.0602340437471867	0.00103832746390253	0.0169460978358984	1	1	1951-09-19	Restrictions on Dairy Products	15	NA	16	Netherlands	United States	210	2
17	1951	1	1	1	0	4	1	0	1	0	1	0	0	0.0291427001357079	0.000317073165206239	0.0107629196718335	1	1	1951-09-21	Restrictions on Dairy Products	15	NA	15	Denmark	United States	390	2
18	1951	0	0	0	0	3	3	1	1	0	1	0	0	0.00152264803182334	0.0758127793669701	0.981163024902344	0	NA	1951-10-22	Restrictions on Dollar Imports	16	NA	17	United States	Belgium	2	211
19	1952	0	1	0	0	1	3	0	0	0	1	0	0	0.00141762208659202	0.0220812167972326	0.939672648906708	0	NA	1952-09-03	Increase of Import Duties	17	NA	18	United Kingdom	Greece	200	350
20	1952	0	0	1	0	1	3	0	0	0	1	0	0	0.04567776247859	0.00421253498643637	0.0844359546899796	1	1	1952-09-04	Treatment of Sardines	18	NA	19	Norway	Germany	385	255
21	1952	0	0	0	0	1	3	0	1	0	1	0	0	0.000849417527206242	0.0114213190972805	0.930776953697205	1	2	1952-09-27	Special Import Taxes	19	NA	20	France	Greece	220	350
22	1952	0	0	0	0	1	3	1	0	0	0	1	1	0.0113674243912101	0.043365340679884	0.792310416698456	0	NA	1952-10-03	Export Fees on Jute	20	NA	21	India	Pakistan	750	770
23	1952	1	0	0	0	2	3	0	0	0	0	0	0	0.0501395910978317	0.000397165247704834	0.00785893853753805	0	NA	1952-10-04	Article XIX Action--Dried Figs	21	NA	22	Greece	United States	350	2
24	1952	1	0	1	0	3	3	0	0	0	1	1	0	NA	0.000361881771823391	NA	1	1	1952-10-04	Article XIX Action--Dried Figs	21	NA	23	Turkey	United States	640	2
25	1952	0	0	0	1	0	3	1	1	0	1	0	0	0.00144149572588503	0.0848785042762756	0.983300566673279	1	3	1952-10-28	Action Under Article XXIII:2	22	NA	NA	United States	Netherlands	2	210
26	1952	0	1	0	0	3	3	0	0	0	0	0	0	0.00334439077414572	0.0314001329243183	0.903743386268616	0	NA	1952-11-07	Stat. Tax on Imports & Exports	23	NA	24	United States	France	2	220
27	1953	0	0	0	0	0	3	1	1	0	0	1	0	NA	0.000300257379421964	NA	0	NA	1953-08-13	Import Restrictions on Filbert	24	NA	25	Turkey	United States	640	2
28	1953	1	1	0	0	1	3	0	0	0	0	0	1	0.00434987666085362	0.0142194284126163	0.765749096870422	0	NA	1953-09-15	Compensatory Concessions	25	NA	26	United Kingdom	Brazil	200	140
29	1953	1	1	0	0	1	3	0	0	0	0	0	1	0.00415213033556938	0.107534430921078	0.962823390960693	0	NA	1953-09-15	Compensatory Concessions	25	NA	26	United States	Brazil	2	140
30	1954	0	1	1	0	3	2	0	0	0	1	0	0	0.0100136771798134	0.00472607370465994	0.320634573698044	1	1	1954-07-29	Special Comp. Tax on Imports	26	NA	28	Italy	France	325	220
31	1954	0	0	0	0	1	3	1	1	0	1	0	0	0.0042008594609797	0.0100118378177285	0.704429149627686	1	2	1954-07-29	AD Duties	27	NA	29	Italy	Sweden	325	380
32	1954	0	0	0	0	1	3	0	1	1	1	0	1	0.0048847203142941	NA	NA	0	NA	1954-07-30	Import Taxes & Export Bonuses	28	NA	30	Italy	Turkey	325	640
33	1954	0	0	0	0	0	3	1	1	0	0	0	1	NA	NA	NA	0	NA	1954-10-04	Embargo on Imports from Czech.	29	NA	31	Czechoslovakia	Peru	315	135
34	1954	0	0	0	0	1	2	0	1	1	0	0	0	0.0032239155843854	0.0321338251233101	0.90882009267807	0	NA	1954-10-05	Luxury Tax on Imports	30	NA	32	Italy	Greece	325	350
35	1954	1	0	0	0	1	2	0	1	0	0	0	0	0.00177027028985322	0.0187142845243216	0.913580238819122	0	NA	1954-10-11	Import Restrictions on Coal	31	NA	33	United States	Germany	2	255
36	1954	0	0	0	0	1	3	0	0	0	0	0	0	0.00385135132819414	0.0328519754111767	0.895068049430847	0	NA	1954-10-13	Customs Stamp Tax, Jump to 2%	32	NA	34	United States	France	2	220
37	1954	1	0	0	0	1	2	0	1	0	0	0	0	0.0021702703088522	0.0946019142866135	0.978447735309601	0	NA	1954-10-26	Import Restrictions on Coal	33	NA	35	United States	Belgium	2	211
38	1954	1	0	1	0	1	2	0	0	0	1	0	0	0.0597299784421921	0.0144857140257955	0.188876017928123	1	1	1954-10-26	Duties--Starch & Potato Flour	34	NA	36	Belgium	Germany	211	255
39	1954	1	0	1	0	1	2	0	0	0	1	0	0	0.106016807258129	0.0189714282751083	0.151785716414452	1	1	1954-10-26	Duties--Starch & Potato Flour	34	NA	36	Netherlands	Germany	210	255
40	1954	1	0	1	0	1	2	0	0	0	1	0	0	0.0597299784421921	0.0144857140257955	0.00957037974148989	1	1	1954-10-26	Duties--Starch & Potato Flour	34	NA	36	Luxembourg	Germany	212	255
41	1955	0	1	1	0	6	3	0	0	0	1	0	0	0.00254246429540217	0.0205365102738142	0.889836370944977	1	1	1955-09-26	Customs Stamp Tax, Jump to 3%	35	NA	37	United States	France	2	220
42	1955	0	0	0	0	2	3	0	1	0	0	0	0	0.0322919934988022	0.000915341021027416	0.0275644231587648	0	NA	1955-09-28	Hawaiian Regs on Imported Eggs	36	NA	38	Australia	United States	900	2
43	1955	0	1	0	0	0	2	0	1	0	0	0	0	0.0064681014046073	0.0148525750264525	0.696627736091614	0	NA	1955-10-11	Turnover Tax on Pharmaceutical	37	NA	39	United Kingdom	Italy	200	325
44	1955	0	1	0	0	0	3	0	0	0	0	0	0	0.012714821845293	0.00233790534548461	0.155314400792122	0	NA	1955-10-25	Import Duties on Cheese	38	NA	40	Denmark	Italy	390	325
45	1956	0	0	0	0	0	1	0	1	0	1	0	0	0.00184269109740853	0.0151674030348659	0.891670703887939	0	NA	1956-09-12	Auto Taxes	40	NA	41	United States	France	2	220
46	1956	0	0	1	0	1	2	0	0	0	1	0	0	0.0024391592014581	0.0436893180012703	0.947122514247894	1	1	1956-11-02	Duty Increase on LP Records	42	NA	43	Germany	Greece	255	350
47	1956	0	0	0	0	1	3	0	1	0	0	0	1	0.000784071220550686	0.0513525009155273	0.984961211681366	0	NA	1956-11-16	Auto Taxes	44	NA	45	United States	Chile	2	155
48	1957	0	0	0	0	0	3	0	1	0	1	0	0	0.145159587264061	0.0111789917573333	0.0715050101280212	0	NA	1957-04-24	Export of Subsidized Eggs	45	NA	46	Denmark	United Kingdom	390	200
49	1957	1	0	1	0	3	1	0	1	0	1	0	0	0.00586467143148184	0.0130272004753351	0.689566433429718	1	1	1957-07-24	Imported Agric. Machinery	46	NA	47	United Kingdom	Italy	200	325
50	1957	1	0	1	0	1	3	0	1	0	1	0	0	0.0103190699592233	0.0109881674870849	0.515701174736023	1	1	1957-10-03	Imported Agric. Machinery	48	NA	48	United Kingdom	France	200	220
51	1957	1	0	0	0	1	1	0	0	0	0	0	0	0.0442178435623646	0.000464570621261373	0.0103971688076854	0	NA	1957-11-28	Art. XIX Action on Clothespins	49	NA	49	Denmark	United States	390	2
52	1957	1	0	0	0	1	1	0	0	0	0	0	0	0.0306228995323181	0.000767245423048735	0.0244422387331724	0	NA	1957-11-28	Art. XIX Action on Clothespins	49	NA	49	Sweden	United States	380	2
53	1958	1	0	1	0	2	2	0	1	0	1	0	0	0.0173390153795481	0.00389184686355293	0.183310821652412	1	1	1958-04-14	Assistance to Exports of Wheat	50	NA	50	Australia	France	900	220
54	1958	1	0	0	0	0	3	0	1	0	1	0	0	0.0115441931411624	0.00542271556332707	0.319605380296707	0	NA	1958-09-12	Assistance to Exports of Flour	51	NA	51	Australia	Italy	900	325
55	1958	0	0	0	0	3	3	0	1	0	0	0	0	0.0467267334461212	0.00843781605362892	0.15295721590519	0	NA	1958-10-09	Dom. Prod. of Ships Plate	52	NA	52	Austria	Italy	305	325
56	1959	1	0	0	1	0	3	1	0	0	1	0	0	0.0122076123952866	0.0105019072070718	0.462445139884949	1	3	1959-03-12	Margin of Pref. of Pottery	53	NA	53	Germany	United Kingdom	255	200
74	1960	0	0	0	0	0	2	0	1	0	0	0	0	0.00186514190863818	0.0293348468840122	0.940219759941101	0	NA	1960-06-03	Import Restrictions	57	1	NA	United States	Italy	2	325
73	1960	0	0	1	0	1	2	0	1	0	1	0	0	0.00194203469436616	0.0181998647749424	0.903582334518433	1	1	1960-11-24	Import Restrictions (Phase I)	56	1	56	United States	France	2	220
63	1961	1	1	1	0	2	2	1	1	1	1	1	0	0.0112675586715341	0.000254523154580966	0.0220900308340788	1	1	1961-05-31	Recourse to Article XXIII	54	1	54	Uruguay	France	165	220
57	1961	1	1	1	0	2	2	1	1	1	1	1	0	0.00130849075503647	0.00028059066971764	0.176574140787125	1	1	1961-11-21	Recourse to Article XXIII	54	NA	54	Uruguay	Austria	165	305
58	1961	1	1	1	0	2	1	0	1	1	1	1	0	0.00821441411972046	0.000960442121140659	0.109481804072857	1	1	1961-11-21	Recourse to Article XXIII	54	NA	54	Uruguay	Belgium	165	211
59	1961	1	0	0	1	1	1	1	1	1	1	1	0	0.00239889952354133	8.05974996183068e-05	0.0325055830180645	1	3	1961-11-21	Recourse to Article XXIII	54	NA	54	Uruguay	Canada	165	20
60	1961	1	0	0	1	1	1	0	1	0	1	1	0	0.00239889952354133	NA	NA	1	3	1961-11-21	Recourse to Article XXIII	54	NA	54	Uruguay	Czechoslovakia	165	315
61	1961	1	0	0	1	1	1	0	1	1	1	1	0	0.00109040888492018	0.000240892506553791	0.180945128202438	1	3	1961-11-21	Recourse to Article XXIII	54	NA	54	Uruguay	Denmark	165	390
62	1961	1	0	0	1	1	1	1	1	1	1	1	0	0.0011631028028205	0.000316068937536329	0.213679656386375	1	3	1961-11-21	Recourse to Article XXIII	54	NA	54	Uruguay	Finland	165	375
64	1961	1	1	1	0	2	2	1	1	1	1	1	0	0.0215174034237862	0.00036624597851187	0.0167360566556454	1	1	1961-11-21	Recourse to Article XXIII	54	NA	54	Uruguay	Germany	165	255
65	1961	1	1	1	0	2	2	1	1	1	1	1	0	0.00835980195552111	0.000289634626824409	0.0334859527647495	1	1	1961-11-21	Recourse to Article XXIII	54	NA	54	Uruguay	Italy	165	325
66	1961	1	0	0	1	1	1	1	1	1	1	1	0	0.000726939295418561	2.24845425691456e-05	0.0300024393945932	1	3	1961-11-21	Recourse to Article XXIII	54	NA	54	Uruguay	Japan	165	740
67	1961	1	0	0	1	1	1	0	1	1	1	1	0	0.0159926638007164	0.00185542751569301	0.103956632316113	1	3	1961-11-21	Recourse to Article XXIII	54	NA	54	Uruguay	Netherlands	165	210
68	1961	1	1	1	0	2	1	0	1	0	1	1	0	0.000145387850352563	3.92410656786524e-05	0.212540194392204	1	1	1961-11-21	Recourse to Article XXIII	54	NA	54	Uruguay	Norway	165	385
69	1961	1	1	1	0	2	2	1	1	1	1	1	0	0.00523396302014589	0.000510612153448164	0.0888859778642654	1	1	1961-11-21	Recourse to Article XXIII	54	NA	54	Uruguay	Sweden	165	380
70	1961	1	0	1	0	1	1	0	1	1	1	NA	NA	NA	NA	NA	1	1	1961-11-21	Recourse to Article XXIII	54	NA	54	Uruguay	Switzerland	165	225
71	1961	1	0	1	0	1	1	1	1	1	1	1	0	0.0617898367345333	0.000166112964507192	0.0026811461430043	1	1	1961-11-21	Recourse to Article XXIII	54	NA	54	Uruguay	United States	165	2
72	1961	1	0	1	0	1	3	1	0	0	1	1	0	0.00765016255900264	0.00160215748474002	0.173162788152695	1	1	1961-12-09	Preferences on Bananas	55	NA	55	Brazil	United Kingdom	140	200
75	1962	0	0	1	0	1	3	1	1	0	1	0	0	0.0139648653566837	0.181998655200005	0.92873740196228	1	1	1962-11-09	"Value for Duty" -- Potatoes	58	NA	57	United States	Canada	2	20
76	1963	0	0	0	0	1	3	0	0	0	1	0	0	0.0457904599606991	0.0121545204892755	0.209759682416916	1	2	1963-10-18	Chicken War: Article XXVIII	59	NA	58	European Community	United States	995	2
77	1969	0	0	0	0	2	2	1	0	0	0	0	0	0.00258311722427607	0.0265106931328773	0.911214172840118	0	NA	1969-12-01	Administrative & Statist. Fees	60	NA	59	United States	Italy	2	325
78	1970	0	0	0	0	0	2	0	1	0	0	0	0	0.0286888536065817	0.00357100949622691	0.110695123672485	0	NA	1970-04-28	Emerg. Action on Table Apples	62	NA	61	Australia	European Community	900	995
79	1970	0	0	0	0	0	2	0	1	0	0	0	0	0.000499947753269225	0.0327492989599705	0.984963655471802	0	NA	1970-09-14	Import Restrictions on Grains	63	NA	62	United States	Denmark	2	390
80	1970	0	0	0	0	1	3	1	0	0	1	0	1	0.00034965033410117	0.269970774650574	0.998706519603729	1	2	1970-09-18	Margins of Preference	64	NA	63	United States	Jamaica	2	51
81	1972	0	1	0	0	0	3	0	0	0	0	0	0	0.0149557488039136	0.0473631508648396	0.760012626647949	0	NA	1972-06-30	Compensatory Taxes on Imports	65	NA	64	United States	European Community	2	995
82	1972	0	0	0	0	1	3	0	1	0	1	1	0	0.0638017952442169	0.00266463379375637	0.0400899201631546	0	NA	1972-09-01	Restrictions--Cotton Textiles	66	NA	65	Israel	United Kingdom	666	200
83	1972	0	0	0	0	0	2	0	1	0	0	0	0	0.00231365696527064	0.0158914085477591	0.872911393642426	0	NA	1972-09-12	Import Restrictions (Phase II)	67	NA	66	United States	France	2	220
84	1972	1	0	0	0	1	2	1	1	0	1	0	0	0.00458808429539204	0.035887636244297	0.886646032333374	0	NA	1972-10-17	Dollar Area Quotas	68	NA	67	United States	United Kingdom	2	200
85	1973	0	0	1	0	11	2	0	1	0	1	0	0	0.0444607250392437	0.0154171483591199	0.257476568222046	1	1	1973-05-01	Income Tax Legislation (DISC)	69	NA	68	European Community	United States	995	2
86	1973	1	0	0	1	8	1	0	1	0	1	0	0	0.00254436861723661	0.0156654790043831	0.860275149345398	1	3	1973-05-17	Income Tax Practices	70	NA	70	United States	France	2	220
87	1973	1	0	0	1	8	1	0	1	0	1	0	0	0.00179465895052999	0.058830514550209	0.971636474132538	1	3	1973-05-17	Income Tax Practices	71	NA	69	United States	Belgium	2	211
88	1973	1	0	0	1	8	1	0	1	0	1	0	0	0.00211477838456631	0.0523053966462612	0.961139798164368	1	3	1973-05-17	Income Tax Practices	72	NA	71	United States	Netherlands	2	210
89	1974	1	0	0	0	1	1	0	0	0	1	0	0	0.0458196438848972	0.00780356209725142	0.145525842905045	0	NA	1974-11-04	Adequacy--XXIV:6 Compensation	73	NA	72	Canada	European Community	20	995
90	1974	0	0	0	0	1	2	0	1	0	0	0	0	0.0579069554805756	0.010657649487257	0.155439525842667	0	NA	1974-11-29	Restrictions on Beef and Veal	74	1	NA	Australia	Japan	900	740
91	1975	0	0	0	0	1	3	0	1	0	1	0	0	0.0299869626760483	0.280985534191132	0.903570353984833	1	2	1975-09-10	Import Quotas on Eggs	75	NA	73	United States	Canada	2	20
92	1976	1	0	1	0	2	3	1	1	0	1	0	0	0.0256972536444664	0.0412208773195744	0.615989685058594	1	1	1976-03-29	Minimum Import Prices (MIPS)	76	NA	74	United States	European Community	2	995
93	1976	1	0	0	1	2	1	0	1	0	1	0	0	0.0462873987853527	0.00469614285975695	0.0921109616756439	1	3	1976-03-30	Licenses on Peaches & Pears	77	NA	75	Australia	European Community	900	995
94	1976	0	0	0	0	0	3	0	1	0	1	0	0	0.0256972536444664	0.0412208773195744	0.615989685058594	1	2	1976-04-27	Animal Feed Proteins	78	NA	76	United States	European Community	2	995
95	1976	0	0	0	0	2	1	0	0	0	1	0	0	0.0076122498139739	0.0446413941681385	0.854321181774139	1	2	1976-11-02	W/d of Concessions - XXVIII:3	79	NA	77	European Community	Canada	995	20
96	1977	0	0	1	0	1	3	1	1	0	1	0	0	0.0494838133454323	0.0156909786164761	0.240752264857292	1	1	1977-05-16	CVDs--Zenith Case	80	NA	NA	Japan	United States	740	2
97	1977	0	0	0	0	1	2	1	1	0	1	0	0	0.0152862137183547	0.0482073277235031	0.759247720241547	0	NA	1977-07-26	Measures on Thrown Silk Yarn	81	1	78	United States	Japan	2	740
98	1977	0	0	0	0	1	1	0	1	0	0	1	0	0.0980365499854088	0.000960253004450351	0.00969983916729689	0	NA	1977-11-01	Export Refunds - Malted Barley	82	NA	79	Chile	European Community	155	995
99	1978	0	0	0	0	1	2	1	1	0	0	1	0	0.0590286366641521	0.00193380552809685	0.0317212603986263	0	NA	1978-03-14	UK Imports of Korean TVs-XIX	83	NA	NA	Korea, Republic of	European Community	732	995
100	1978	1	0	1	0	6	2	1	1	0	1	0	0	0.0111618349328637	0.0701446607708931	0.862719058990479	1	1	1978-05-17	Restrictions- Certain Textiles (for Hong Kong)	84	1	80	United Kingdom	Norway	200	385
101	1978	1	0	0	0	1	2	1	1	0	1	0	0	0.01557148527354	0.044459443539381	0.740608930587769	0	NA	1978-07-20	Measures on Leather (I)	85	NA	81	United States	Japan	2	740
102	1978	1	0	0	1	3	1	0	1	0	1	0	0	0.0507998056709766	0.00471267430111766	0.0848939642310143	1	3	1978-09-25	Refunds on Exports of Sugar	86	NA	82	Australia	European Community	900	995
103	1978	1	0	0	1	3	1	0	1	0	1	1	0	0.0368872918188572	0.00570661341771483	0.133977234363556	1	3	1978-11-14	Refunds on Exports of Sugar	87	NA	83	Brazil	European Community	140	995
104	1978	0	0	0	0	1	3	1	1	0	0	0	0	0.045594971626997	0.0263157337903976	0.365950167179108	0	NA	1978-12-13	Application of CVDs	88	NA	84	European Community	United States	995	2
105	1979	0	0	0	0	0	1	1	1	0	1	1	0	0.0846784487366676	0.00092372961807996	0.0107909590005875	1	2	1979-06-19	Restriction--Apples from Chile	89	NA	85	Chile	European Community	155	995
106	1979	1	0	0	0	1	2	0	1	0	1	0	0	0.0224353801459074	0.00490039261057973	0.179266661405563	0	NA	1979-10-26	Measures on Leather	90	NA	86	Canada	Japan	20	740
107	1979	0	0	0	1	2	1	0	1	0	1	0	0	0.00150426186155528	0.022779755294323	0.938055455684662	1	3	1979-11-01	Soyabean Oil	91	NA	87	United States	Spain	2	230
108	1979	1	0	0	0	7	2	0	1	0	1	0	0	0.017656346783042	0.0405184775590897	0.696495056152344	0	NA	1979-11-09	Manufactured Tobacco	92	NA	88	United States	Japan	2	740
109	1980	0	0	1	0	0	3	1	1	0	1	0	0	0.313790559768677	0.0297683253884315	0.0866469368338585	1	1	1980-01-25	Prohibition on Imports of Tuna	93	NA	89	Canada	United States	20	2
110	1980	0	0	1	0	2	3	1	0	0	1	1	0	0.00210119597613811	0.00240002735517919	0.533194482326508	1	1	1980-02-29	Unroasted Coffee	94	NA	90	Brazil	Spain	140	230
111	1980	0	0	1	0	1	3	1	1	0	1	0	0	0.0474285408854485	0.00646683108061552	0.119988620281219	1	1	1980-03-26	Imports of Beef	95	NA	91	Canada	European Community	20	995
112	1980	1	0	0	0	0	2	0	1	0	0	1	0	0.0111947553232312	0.00156778260134161	0.122842542827129	0	NA	1980-04-11	Measures on Leather	96	NA	NA	India	Japan	750	740
113	1980	0	0	0	0	1	1	0	1	0	1	0	0	0.031447745859623	0.0451987832784653	0.589704275131226	0	NA	1980-06-19	"Spin-Chill" Poultry	97	NA	92	United States	European Community	2	995
119	1980	0	0	0	1	2	1	0	1	0	1	0	0	0.031447745859623	0.0451987832784653	0.589704275131226	1	3	1980-07-24	Subsidies on Wheat Flour	103	1	NA	United States	European Community	2	995
140	1980	1	0	0	0	4	2	1	0	0	1	0	0	0.031447745859623	0.0451987832784653	0.589704275131226	1	2	1980-07-24	Mediterranean Citrus Prefs.	113	1	102	United States	European Community	2	995
114	1980	0	0	0	0	1	3	1	1	0	1	1	0	0.0138362944126129	0.000787379336543381	0.0538427866995335	0	NA	1980-09-29	CVD w/o Injury	98	NA	93	India	United States	750	2
115	1981	0	0	0	0	0	1	0	1	0	0	0	0	0.033853817731142	0.0450314469635487	0.570847392082214	0	NA	1981-01-22	Export Subsidies - Greece	99	NA	NA	United States	European Community	2	995
116	1981	0	0	0	0	1	1	0	0	0	1	0	0	0.0476520210504532	0.0358239151537418	0.429152607917786	1	2	1981-03-30	Vitamin B12	100	NA	95	European Community	United States	995	2
117	1981	1	0	0	0	5	2	0	1	0	0	0	0	0.0478379726409912	0.00376086961477995	0.0728867128491402	0	NA	1981-06-11	Prod. Subsidies - Canned Fruit	101	NA	96	Australia	European Community	900	995
118	1981	0	0	0	1	2	1	0	1	0	1	0	0	0.300758093595505	0.0295321121811867	0.0894126147031784	1	3	1981-09-30	Spring Assemblies - 337	102	NA	97	Canada	United States	20	2
120	1981	0	0	1	0	6	3	1	1	0	1	NA	NA	NA	NA	NA	1	1	1981-12-07	QRs on Watches (for Hong Kong)	104	NA	98	United Kingdom	European Community	200	995
124	1982	1	0	1	0	3	3	0	1	0	1	0	0	0.0284246373921633	0.291152447462082	0.911055445671082	1	1	1982-01-05	FIRA	108	1	100	United States	Canada	2	20
121	1982	0	0	1	0	4	2	0	1	0	1	0	0	0.0315924733877182	0.0514163970947266	0.619408488273621	1	1	1982-02-24	Subsidies on Pasta Products	105	NA	NA	United States	European Community	2	995
122	1982	1	0	0	0	2	2	0	1	0	0	0	0	0.0315924733877182	0.0514163970947266	0.619408488273621	0	NA	1982-02-24	Subsidies on Poultry	106	NA	NA	United States	European Community	2	995
123	1982	1	0	0	0	4	2	0	1	0	1	0	0	0.0315924733877182	0.0514163970947266	0.619408488273621	1	2	1982-03-19	Production Aids - Canned Fruit	107	NA	99	United States	European Community	2	995
125	1982	1	0	0	0	1	1	0	1	0	0	0	0	0.0315924733877182	0.0514163970947266	0.619408488273621	0	NA	1982-04-07	Export Subsidies on Sugar	109	NA	NA	United States	European Community	2	995
126	1982	1	0	0	0	1	1	0	1	0	0	1	0	0.0564308390021324	0.0023774306755513	0.0404268093407154	0	NA	1982-04-08	Sugar Regime	110	NA	NA	Argentina	European Community	160	995
127	1982	1	0	0	0	1	1	0	1	0	0	0	0	0.0404752679169178	0.00395316537469625	0.0889782682061195	0	NA	1982-04-08	Sugar Regime	110	NA	101	Australia	European Community	900	995
128	1982	1	0	0	0	1	1	0	1	0	0	1	0	0.0349093601107597	0.00492642959579825	0.123668432235718	0	NA	1982-04-08	Sugar Regime	110	NA	101	Brazil	European Community	140	995
129	1982	1	0	0	0	1	1	0	1	0	0	1	0	0.04990354180336	0.000972166657447815	0.0191086605191231	0	NA	1982-04-08	Sugar Regime	110	NA	101	Colombia	European Community	100	995
130	1982	1	0	0	0	1	1	0	1	0	0	1	0	NA	0.0165941957384348	NA	0	NA	1982-04-08	Sugar Regime	110	NA	101	Cuba	European Community	40	995
131	1982	1	0	0	0	1	1	0	1	0	0	1	0	0.0252471454441547	9.8245327535551e-05	0.00387626001611352	0	NA	1982-04-08	Sugar Regime	110	NA	101	Dominican Republic	European Community	42	995
132	1982	1	0	0	0	1	1	0	1	0	0	1	0	0.0242976453155279	0.00232827360741794	0.0874438732862473	0	NA	1982-04-08	Sugar Regime	110	NA	101	India	European Community	750	995
133	1982	1	0	0	0	1	1	0	1	0	0	1	0	0.0868169441819191	0.00011504819849506	0.00132342765573412	0	NA	1982-04-08	Sugar Regime	110	NA	101	Nicaragua	European Community	93	995
134	1982	1	0	0	0	1	1	0	1	0	0	1	0	0.0621695965528488	0.000831793353427202	0.0132027780637145	0	NA	1982-04-08	Sugar Regime	110	NA	101	Peru	European Community	135	995
135	1982	1	0	0	0	1	1	0	1	0	0	1	0	0.050422128289938	0.000962420890573412	0.0187297705560923	0	NA	1982-04-08	Sugar Regime	110	NA	101	Philippines	European Community	840	995
136	1982	0	0	0	0	1	2	1	1	0	0	1	0	0.0119532346725464	0.000703780504409224	0.0556039847433567	0	NA	1982-04-22	CVD Procedures	111	NA	NA	India	United States	750	2
137	1982	1	0	0	0	0	1	1	1	0	0	1	0	0.0564308390021324	0.0023774306755513	0.0404268093407154	0	NA	1982-04-30	Falklands War Embargo	112	NA	NA	Argentina	European Community	160	995
138	1982	1	0	0	0	0	1	1	1	0	0	1	0	0.00277082831598818	0.000734697270672768	0.209582626819611	0	NA	1982-04-30	Falklands War Embargo	112	NA	NA	Argentina	Canada	160	20
139	1982	1	0	0	0	0	1	1	1	0	0	1	0	0.00169173046015203	0.00072973856003955	0.301361918449402	0	NA	1982-04-30	Falklands War Embargo	112	NA	NA	Argentina	Australia	160	900
141	1982	0	0	1	0	5	3	0	1	0	1	0	0	0.0315924733877182	0.0514163970947266	0.619408488273621	1	1	1982-07-02	VAT--Threshold	114	NA	NA	United States	European Community	2	995
142	1982	0	0	0	0	1	3	0	1	0	0	0	0	0.0203096121549606	0.0527711808681488	0.72209370136261	0	NA	1982-09-20	Metal Softball Bats	115	NA	NA	United States	Japan	2	740
143	1982	0	0	0	0	0	3	0	0	0	0	0	0	0.0219860672950745	0.416815668344498	0.949895203113556	0	NA	1982-10-08	Imports of Table Grapes	117	NA	104	European Community	Switzerland	995	225
171	1982	1	0	0	0	4	3	0	1	0	0	0	0	0.0425907373428345	0.0067671793513	0.137104243040085	0	NA	1982-10-11	Ban on Seal Pup Skins	145	1	122	Canada	European Community	20	995
144	1982	0	0	0	0	2	1	1	0	0	0	0	0	0.021007627248764	0.000373112241504714	0.0174508579075336	0	NA	1982-11-01	Suspension of MFN	118	NA	NA	Poland	United States	290	2
145	1982	0	0	0	0	1	3	0	1	0	0	0	0	0.0234246011823416	0.0146721927449107	0.385129332542419	0	NA	1982-12-21	VCRs (Poitiers)	119	NA	105	Japan	European Community	740	995
146	1983	1	0	1	0	3	3	0	1	0	1	0	0	0.0192779134958982	0.0560531578958035	0.744090795516968	1	1	1983-01-05	Measures on Leather (II)	120	NA	106	United States	Japan	2	740
147	1983	0	0	0	0	0	3	1	1	0	0	0	0	0.27531561255455	0.0264715570956469	0.0877159759402275	0	NA	1983-02-17	CVD--Softwood Lumber (I)	121	NA	NA	Canada	United States	20	2
148	1983	0	0	1	0	3	3	1	1	0	1	0	0	0.0514807738363743	0.0292098522186279	0.361998081207275	1	1	1983-03-08	Manufacturing Clause	122	NA	107	European Community	United States	995	2
149	1983	0	0	0	0	0	3	0	1	0	1	0	0	0.0514807738363743	0.0292098522186279	0.361998081207275	0	NA	1983-04-07	Export Subsidy- Flour to Egypt	123	NA	NA	European Community	United States	995	2
150	1983	0	0	0	0	0	1	0	1	0	0	0	0	0.0135445911437273	0.0223455093801022	0.622609257698059	0	NA	1983-04-08	N&I of Benefits	124	NA	108	European Community	Japan	995	740
151	1983	0	0	1	0	1	1	1	1	0	1	1	0	0.0936629623174667	7.27785009075888e-05	0.000776422093622386	1	1	1983-05-15	Sugar Quota	125	NA	109	Nicaragua	United States	93	2
152	1983	1	0	0	0	1	2	0	1	0	0	0	1	0.00255342060700059	0.0286017302423716	0.91804176568985	0	NA	1983-09-27	Subsidies on Poultry	126	NA	NA	United States	Brazil	2	140
153	1983	0	0	0	0	1	1	0	0	0	0	0	0	0.0514807738363743	0.0292098522186279	0.361998081207275	0	NA	1983-09-30	Machine-Threshed Tobacco	127	NA	110	European Community	United States	995	2
154	1983	0	0	0	0	1	1	1	1	0	0	0	0	0.00615436024963856	0.0363177210092545	0.855096340179443	0	NA	1983-11-11	AD Duty on Generators	128	NA	NA	European Community	Canada	995	20
155	1984	1	0	0	0	0	2	0	0	0	1	0	0	0.0332702845335007	0.006280149333179	0.15878838300705	1	2	1984-01-12	Imports of Newsprint	129	NA	111	Canada	European Community	20	995
156	1984	0	1	1	0	0	3	0	1	0	1	0	0	0.0120174577459693	0.13209243118763	0.916609048843384	1	1	1984-02-20	Homologation Reqts - Radiators	130	NA	NA	European Community	Spain	995	230
157	1984	0	0	0	0	0	1	0	0	0	0	0	1	0.000965780287515372	0.0851458460092545	0.988784551620483	0	NA	1984-05-14	Import Measures - Dairy Prods.	131	NA	112	European Community	Chile	995	155
158	1984	0	0	1	0	2	3	0	1	0	1	1	0	0.00316601875238121	0.000790437799878418	0.199784263968468	1	1	1984-07-03	Sales Tax on Gold Coins	132	NA	113	South Africa	Canada	560	20
159	1984	0	0	1	0	1	3	1	1	0	1	0	0	0.000307618174701929	0.000644438550807536	0.676890909671783	1	1	1984-07-11	AD Duty on Transformers	133	NA	114	Finland	New Zealand	375	920
160	1984	1	0	0	0	1	1	0	1	0	0	0	0	0.0332702845335007	0.006280149333179	0.15878838300705	0	NA	1984-08-10	Boneless Mfg Beef (I)	134	NA	NA	Canada	European Community	20	995
161	1984	1	0	0	0	6	2	0	1	0	0	0	0	0.0428575910627842	0.00434063235297799	0.0919660106301308	0	NA	1984-10-26	Beef & Veal Regime	135	NA	115	Australia	European Community	900	995
162	1984	0	0	0	0	2	2	0	1	1	0	0	0	0.0191781185567379	0.0551727265119553	0.742059171199799	0	NA	1984-11-08	Single Tendering Procedures	136	NA	NA	United States	Japan	2	740
164	1984	0	0	0	0	1	2	1	1	0	0	0	0	0.0524236187338829	0.0267564542591572	0.337919026613235	0	NA	1984-11-20	Ban on Steel Pipe & Tube	138	1	116	European Community	United States	995	2
560	1984	NA	NA	0	0	NA	2	NA	NA	NA	0	0	0	0.291711986064911	0.0281040761619806	0.0878757461905479	0	NA	1984-11-20	Marking Requirement for Pipes and Tubes in Section 207 of Trade & Tariff Act of	NA	1	NA	Canada	United States	20	2
561	1984	NA	NA	0	0	NA	2	NA	NA	NA	0	0	0	0.0366424582898617	0.00189413700718433	0.0491516441106796	0	NA	1984-11-20	Marking Requirement for Pipes and Tubes in Section 207 of Trade & Tariff Act of	NA	1	NA	Australia	United States	900	2
562	1984	NA	NA	0	0	NA	2	NA	NA	NA	0	0	0	0.0307620204985142	0.00142840400803834	0.0443735681474209	0	NA	1984-11-20	Marking Requirement for Pipes and Tubes in Section 207 of Trade & Tariff Act of	NA	1	NA	Spain	United States	230	2
163	1984	0	0	1	0	2	3	1	1	0	1	0	0	0.0524236187338829	0.0267564542591572	0.337919026613235	1	1	1984-11-29	Def. of "Industry" - Wine	137	NA	NA	European Community	United States	995	2
564	1985	NA	NA	0	0	NA	2	NA	NA	NA	0	0	1	0.00288215698674321	0.0522082112729549	0.947683095932007	0	NA	1985-01-22	Brazilian Informatics Policy (Treatment of Electronic Data Processing Equipment)	NA	1	NA	United States	Brazil	2	140
165	1985	0	0	0	0	3	2	0	1	0	1	0	0	0.00707610137760639	0.0344658344984055	0.829663693904877	1	2	1985-02-12	Provincial Liquor Boards (I)	139	NA	117	European Community	Canada	995	20
166	1985	1	0	0	0	3	2	0	1	0	1	0	0	0.343422949314117	0.0310258790850639	0.0828574597835541	0	NA	1985-03-01	Sugar-Containing Products	140	NA	118	Canada	United States	20	2
167	1985	0	0	0	0	1	3	0	1	0	1	0	0	0.0221703965216875	0.0663434639573097	0.749526262283325	0	NA	1985-03-12	QRs on Leather Footwear	141	NA	119	United States	Japan	2	740
168	1985	0	0	0	0	0	1	0	1	1	0	0	0	0.0283229425549507	0.0643648579716682	0.694426417350769	0	NA	1985-04-26	French Computer Lit. Program	142	NA	NA	United States	European Community	2	995
169	1985	0	0	0	0	2	1	1	1	0	1	1	0	0.0586275458335876	4.82727627968416e-05	0.000822702830191702	1	2	1985-05-08	Trade Embargo	143	1	120	Nicaragua	United States	93	2
170	1985	0	0	0	0	0	2	1	1	0	0	0	0	0.0701034814119339	0.000407775165513158	0.00578312110155821	0	NA	1985-09-02	Cotton Pillowcases & Sheets	144	NA	121	Portugal	United States	235	2
172	1986	0	0	0	0	1	1	0	1	1	0	1	0	0.0438718907535076	0.00241613551042974	0.0521978512406349	0	NA	1986-05-13	Non-Beverage Ethyl Alcohol	146	NA	123	Brazil	United States	140	2
173	1986	0	0	0	0	1	2	1	1	0	1	0	0	0.343356788158417	0.0297068078070879	0.0796293392777443	0	NA	1986-07-02	CVD on Softwood Lumber (II)	147	NA	NA	Canada	United States	20	2
174	1986	1	0	1	0	2	2	0	1	0	1	0	0	0.0234699361026287	0.0707309916615486	0.750852406024933	1	1	1986-07-15	Twelve Agricultural Products	148	NA	124	United States	Japan	2	740
183	1986	1	0	1	0	3	3	0	1	0	1	0	0	0.0167628526687622	0.0216798149049282	0.563951909542084	1	1	1986-07-22	Restrictions on Alcoholic Bevs	154	1	128	European Community	Japan	995	740
175	1986	1	0	1	0	2	1	1	1	0	1	0	0	0.00741851702332497	0.0367973558604717	0.832220494747162	1	1	1986-07-30	CVD on Boneless Mfg Beef	149	NA	NA	European Community	Canada	995	20
185	1986	1	0	0	0	2	2	1	1	1	1	0	0	0.0167628526687622	0.0216798149049282	0.563951909542084	1	2	1986-10-08	Restrictions on Semiconductors	156	1	130	European Community	Japan	995	740
176	1986	0	0	0	0	1	3	0	1	0	0	0	0	0.0234699361026287	0.0707309916615486	0.750852406024933	0	NA	1986-10-24	Herring, Pollock & Surimi	150	NA	125	United States	Japan	2	740
177	1986	0	0	0	0	1	1	1	1	0	0	0	0	0.00741851702332497	0.0367973558604717	0.832220494747162	0	NA	1986-10-24	CVD on Pasta	151	NA	NA	European Community	Canada	995	20
181	1986	1	0	1	0	4	3	0	0	0	1	0	0	0.0640745833516121	0.0274976529181004	0.30028373003006	1	1	1986-10-27	Customs User Fee	153	NA	127	European Community	United States	995	2
178	1986	1	0	1	0	3	3	0	1	1	1	1	0	0.156214982271194	0.00700051849707961	0.0428912602365017	1	1	1986-10-30	Taxes on Petroleum - Superfund	152	1	126	Mexico	United States	70	2
180	1986	1	0	1	0	3	3	0	1	0	1	0	0	0.0640745833516121	0.0274976529181004	0.30028373003006	1	1	1986-10-30	Taxes on Petroleum - Superfund	152	1	126	European Community	United States	995	2
179	1986	1	0	1	0	3	3	0	1	0	1	0	0	0.343356788158417	0.0297068078070879	0.0796293392777443	1	1	1986-11-07	Taxes on Petroleum - Superfund	152	1	126	Canada	United States	20	2
182	1986	1	0	1	0	4	3	0	0	0	1	0	0	0.343356788158417	0.0297068078070879	0.0796293392777443	1	1	1986-11-10	Customs User Fee	153	1	127	Canada	United States	20	2
189	1986	0	0	0	0	0	2	0	1	0	0	0	0	0.0640745833516121	0.0274976529181004	0.30028373003006	0	NA	1986-12-01	Tax Reform- Passenger Aircraft	160	1	132	European Community	United States	995	2
184	1986	0	0	0	0	2	2	0	1	0	0	0	0	0.0288221910595894	0.333132237195969	0.920370638370514	0	NA	1986-12-12	Restrictions on Uranium Export	155	NA	129	United States	Canada	2	20
186	1987	0	0	1	0	3	2	0	1	0	1	0	0	0.0267086066305637	0.31418314576149	0.921650767326355	1	1	1987-02-20	Unprocessed Salmon & Herring	157	NA	131	United States	Canada	2	20
187	1987	0	0	0	0	0	1	0	1	1	0	0	0	0.0310854949057102	0.0506772138178349	0.619808375835419	0	NA	1987-02-25	Govt Financing of Airbus	158	NA	NA	United States	European Community	2	995
188	1987	0	0	0	0	2	1	0	1	0	0	0	0	0.0310854949057102	0.0506772138178349	0.619808375835419	0	NA	1987-03-09	Animal Hormones Directive	159	NA	NA	United States	European Community	2	995
190	1987	1	0	0	0	4	3	1	0	0	0	0	0	0.0559306181967258	0.0260856132954359	0.318054288625717	0	NA	1987-04-21	Semiconductor Retaliation	161	NA	133	Japan	United States	740	2
191	1987	1	0	1	0	6	1	0	1	0	1	0	0	0.0500773452222347	0.0307175330817699	0.380191594362259	1	1	1987-04-29	Section 337--Aramid Fibres	162	NA	134	European Community	United States	995	2
192	1987	0	0	0	0	1	3	0	1	0	1	0	1	0.000937419477850199	0.0174710787832737	0.94907683134079	0	NA	1987-06-17	Import Restrictions on Almonds	163	NA	135	United States	India	2	750
193	1987	0	0	0	0	1	3	0	1	0	1	0	1	0.000937419477850199	0.0174710787832737	0.94907683134079	0	NA	1987-06-17	Import Licenses on Almonds	164	NA	NA	United States	India	2	750
194	1987	0	0	0	0	2	1	0	1	1	0	0	0	0.0500773452222347	0.0307175330817699	0.380191594362259	0	NA	1987-07-08	Procurement of Machine Tools	165	NA	NA	European Community	United States	995	2
195	1987	1	0	0	0	1	3	0	0	0	0	1	0	0.0302971731871367	0.00128377496730536	0.0406502969563007	0	NA	1987-07-08	EEC Enlarged--Spain & Portugal	166	NA	136	Argentina	European Community	160	995
196	1987	1	0	0	0	1	3	0	1	0	0	0	0	0.322601139545441	0.0274242181330919	0.078349232673645	0	NA	1987-09-15	Section 337-Cellular Phones	167	NA	137	Canada	United States	20	2
197	1987	0	0	0	0	1	3	0	1	0	1	0	0	0.0310854949057102	0.0506772138178349	0.619808375835419	0	NA	1987-09-29	Third-Country Meat Directive	168	NA	138	United States	European Community	2	995
198	1987	1	0	0	1	2	1	1	0	0	1	0	0	0.0285701472312212	0.00520750135183334	0.154170036315918	1	3	1987-11-18	Spruce-Pine-Fur (SPF) Lumber	169	NA	139	Canada	Japan	20	740
199	1987	0	0	0	0	1	3	1	1	1	0	1	0	0.0365596227347851	0.00229680654592812	0.0591100789606571	0	NA	1987-11-27	Informatics Retaliation	170	NA	140	Brazil	United States	140	2
200	1988	1	0	1	0	2	2	0	1	0	1	0	0	0.000520306522957981	0.0260200165212154	0.980395615100861	1	1	1988-01-22	Restrictions on Apples & Pears	171	NA	141	United States	Norway	2	385
201	1988	1	0	0	0	0	3	0	1	0	0	0	0	0.00151829689275473	0.0425854362547398	0.965574383735657	0	NA	1988-01-22	Restrictions on Apples & Pears	172	NA	142	United States	Sweden	2	380
202	1988	1	0	0	0	2	2	0	1	1	1	0	1	0.00576179893687367	0.191391378641129	0.970775008201599	1	2	1988-03-11	Restrictions on Beef Imports	173	NA	143	United States	Korea, Republic of	2	732
203	1988	1	0	0	0	2	2	0	1	1	1	0	1	0.00838580727577209	0.0129066314548254	0.606160342693329	1	2	1988-03-22	Restrictions on Beef Imports	174	NA	144	Australia	Korea, Republic of	900	732
204	1988	0	0	0	0	0	3	0	1	0	0	0	0	0.032032199203968	0.0449147261679173	0.583710491657257	0	NA	1988-03-22	Greek Restrictions on Almonds	175	NA	146	United States	European Community	2	995
205	1988	1	0	0	0	0	3	0	1	0	1	0	0	0.0256891418248415	0.0481035150587559	0.651874005794525	0	NA	1988-03-29	Restrictions on Beef & Citrus	176	NA	147	United States	Japan	2	740
206	1988	1	0	0	0	0	3	0	1	0	1	0	0	0.059612438082695	0.00517211109399796	0.0798355638980865	0	NA	1988-04-08	Restrictions on Beef	177	NA	148	Australia	Japan	900	740
207	1988	0	0	0	0	1	2	1	1	0	0	1	0	0.0925242975354195	0.000422605517087504	0.00454674148932099	0	NA	1988-04-22	Quality Standards for Grapes	178	NA	150	Chile	United States	155	2
208	1988	1	0	1	0	4	3	0	1	0	1	0	0	0.032032199203968	0.0449147261679173	0.583710491657257	1	1	1988-04-22	Oilseeds Subsidy	179	NA	151	United States	European Community	2	995
209	1988	1	0	1	0	1	2	0	1	0	1	1	0	0.12483236938715	0.000799481815192848	0.00636368710547686	1	1	1988-04-22	Licenses for Dessert Apples	180	NA	152	Chile	European Community	155	995
210	1988	1	0	0	0	2	2	0	1	1	1	0	1	0.00770304957404733	0.00205549504607916	0.210635408759117	1	2	1988-04-27	Restrictions on Beef Imports	181	NA	145	New Zealand	Korea, Republic of	920	732
211	1988	1	0	1	0	0	2	0	1	0	1	0	0	0.0894235521554947	0.00100726413074881	0.0111385053023696	1	1	1988-04-27	Licenses for Dessert Apples	182	NA	153	New Zealand	European Community	920	995
212	1988	1	0	0	0	0	3	1	1	0	0	0	0	0.0695281326770782	0.00104586884845048	0.0148194637149572	0	NA	1988-05-02	Restrictions on Beef	183	NA	149	New Zealand	Japan	920	740
213	1988	1	0	1	0	0	2	0	1	0	1	0	0	0.032032199203968	0.0449147261679173	0.583710491657257	1	1	1988-05-04	Licenses for Dessert Apples	184	NA	154	United States	European Community	2	995
214	1988	0	0	0	1	4	1	1	1	0	1	1	0	0.03657116740942	0.00237516849301755	0.0609856694936752	1	3	1988-05-31	CVD on Non-Rubber Footwear	185	NA	NA	Brazil	United States	140	2
215	1988	1	0	0	1	2	1	0	1	1	1	0	0	0.0463241152465343	0.0330373458564281	0.416289538145065	1	3	1988-06-16	1955 Waiver - Headnote	186	NA	155	European Community	United States	995	2
216	1988	1	0	1	0	2	1	0	1	0	1	0	0	0.0431134551763535	0.00199763709679246	0.0442826114594936	1	1	1988-07-19	Restrictions on Sugar	187	1	156	Australia	United States	900	2
217	1988	1	0	1	0	2	1	1	1	1	1	0	0	0.0232282038778067	0.0173936374485493	0.428184360265732	1	1	1988-08-08	Screwdriver Assembly	188	NA	157	Japan	European Community	740	995
218	1988	0	0	0	0	2	3	1	0	0	1	1	0	0.03657116740942	0.00237516849301755	0.0609856694936752	0	NA	1988-08-24	Pharmaceuticals Retaliation	189	NA	158	Brazil	United States	140	2
219	1988	1	0	0	0	2	1	0	1	0	0	1	0	0.03657116740942	0.00237516849301755	0.0609856694936752	0	NA	1988-08-31	EEP Subsidy	190	NA	NA	Brazil	United States	140	2
220	1988	1	0	1	0	4	1	1	1	0	1	0	0	0.0471196249127388	0.00167995411902666	0.0344255864620209	1	1	1988-09-20	AD Duties on Pipes & Tubes	191	NA	NA	Sweden	United States	380	2
221	1988	0	0	0	0	1	1	0	1	1	0	0	0	0.0236108731478453	0.000458912138128653	0.0190659016370773	0	NA	1988-10-07	Procurement of Research Vessel	192	NA	NA	Finland	United States	375	2
222	1988	0	0	0	0	1	2	1	0	0	0	0	0	0.0463241152465343	0.0330373458564281	0.416289538145065	0	NA	1988-11-28	Hormones Retaliation	193	NA	159	European Community	United States	995	2
223	1988	0	0	0	0	1	1	1	1	0	0	0	0	0.330975621938705	0.0303108152002096	0.0838969126343727	0	NA	1988-12-09	Prohibition on Ice Cream	194	NA	160	Canada	United States	20	2
224	1988	1	0	1	0	3	1	0	1	0	1	0	0	0.0290020108222961	0.316684275865555	0.916103065013885	1	1	1988-12-09	QR on Ice Cream & Yoghurt	195	NA	161	United States	Canada	2	20
225	1989	0	0	1	0	3	3	0	1	0	1	0	0	0.0336711890995502	0.0451992377638817	0.573082208633423	1	1	1989-04-03	Govt Financing of Airbus Industries	196	NA	NA	United States	European Community	2	995
226	1989	0	0	0	0	0	3	0	1	0	1	0	0	0.0336711890995502	0.0451992377638817	0.573082208633423	0	NA	1989-06-08	Restraints on Copper Scrap	198	NA	162	United States	European Community	2	995
227	1989	0	0	0	0	0	1	1	1	0	0	1	0	0.283833026885986	0.00455225305631757	0.0157853178679943	0	NA	1989-06-27	AD Duty on Video Cassettes	199	NA	NA	Hong Kong	European Community	997	995
230	1989	1	0	0	0	1	3	0	1	0	0	0	0	0.000421415083110332	0.019799891859293	0.979159832000732	0	NA	1989-07-03	Restrictions on Apples & Pears	202	1	165	United States	Finland	2	375
228	1989	0	0	0	0	0	3	1	1	0	0	0	0	0.0451285801827908	0.033618550747633	0.426917791366577	0	NA	1989-07-18	301 Retaliation Threat-Oilseed	200	NA	163	European Community	United States	995	2
229	1989	1	0	0	0	3	3	0	1	0	0	0	0	0.0450414381921291	0.00606632512062788	0.118696741759777	0	NA	1989-09-01	Oilseeds Subsidies	201	NA	164	Canada	European Community	20	995
574	1989	NA	NA	0	0	NA	1	NA	NA	NA	0	0	0	0.000384725717594847	0.0148020191118121	0.974667012691498	0	NA	1989-09-01	Measures to be Taken under the European Convention on Transfrontier Television	NA	1	NA	United States	Austria	2	305
575	1989	NA	NA	0	0	NA	1	NA	NA	NA	0	0	0	0.00247888802550733	0.0744337737560272	0.998397588729858	0	NA	1989-09-01	Measures to be Taken under the European Convention on Transfrontier Television	NA	1	NA	United States	Luxembourg	2	212
576	1989	NA	NA	0	0	NA	1	NA	NA	NA	0	0	0	0.00306345801800489	0.0645473003387451	0.954689800739288	0	NA	1989-09-01	Measures to be Taken under the European Convention on Transfrontier Television	NA	1	NA	United States	Netherlands	2	210
577	1989	NA	NA	0	0	NA	1	NA	NA	NA	0	0	0	0.000510371348354965	0.0253713503479958	0.980280637741089	0	NA	1989-09-01	Measures to be Taken under the European Convention on Transfrontier Television	NA	1	NA	United States	Norway	2	385
578	1989	NA	NA	0	0	NA	1	NA	NA	NA	0	0	0	0.001574567402713	0.0222828835248947	0.93400102853775	0	NA	1989-09-01	Measures to be Taken under the European Convention on Transfrontier Television	NA	1	NA	United States	Spain	2	230
579	1989	NA	NA	0	0	NA	1	NA	NA	NA	0	0	0	0.00162253004964441	0.043519452214241	0.964057207107544	0	NA	1989-09-01	Measures to be Taken under the European Convention on Transfrontier Television	NA	1	NA	United States	Sweden	2	380
580	1989	NA	NA	0	0	NA	1	NA	NA	NA	0	0	0	0.00181602023076266	0.0475379601120949	0.963204205036163	0	NA	1989-09-01	Measures to be Taken under the European Convention on Transfrontier Television	NA	1	NA	United States	Switzerland	2	225
581	1989	NA	NA	0	0	NA	1	NA	NA	NA	0	0	0	0.00758034735918045	0.0442582182586193	0.853770136833191	0	NA	1989-09-01	Measures to be Taken under the European Convention on Transfrontier Television	NA	1	NA	United States	United Kingdom	2	200
231	1989	0	0	1	0	2	3	1	1	0	1	0	0	0.324032694101334	0.032510943710804	0.0911836326122284	1	1	1989-09-28	CVD on Pork	203	NA	166	Canada	United States	20	2
232	1989	0	0	0	0	1	2	0	1	1	0	0	0	0.000510371348354965	0.0253713503479958	0.980280637741089	0	NA	1989-10-06	Oslo Toll Ring Project	204	NA	NA	United States	Norway	2	385
233	1989	0	0	1	0	3	3	1	1	0	1	0	0	0.0309735983610153	0.308710157871246	0.908816397190094	1	1	1989-10-09	CVD Injury-Grain Corn	205	NA	NA	United States	Canada	2	20
234	1989	0	0	0	0	1	3	0	1	0	0	0	1	0.00291690556332469	0.0431355573236942	0.936661243438721	0	NA	1989-10-11	QRs on Certain Ag & Mfd Products	206	NA	167	United States	Brazil	2	140
235	1989	0	0	0	0	1	1	0	1	0	0	0	1	0.000976347539108247	0.146937757730484	0.993399202823639	0	NA	1989-11-08	Internal Taxes on Spirits	207	NA	168	European Community	Chile	995	155
237	1990	0	0	1	0	0	3	0	1	1	1	0	1	0.00131669489201158	0.0958742722868919	0.986452519893646	1	1	1990-02-03	Import restrictions on cigarettes	NA	NA	169	United States	Thailand	2	800
236	1990	0	0	0	0	1	1	1	1	0	0	0	0	0.222280189394951	0.0213353112339973	0.0875778049230576	0	NA	1990-02-21	Truck traffic restrictions	NA	1	NA	Austria	Germany	305	255
478	1990	NA	NA	0	0	NA	3	NA	NA	NA	0	0	0	0.000599707302171737	0.031924657523632	0.981561303138733	0	NA	1990-05-17	Restrictions on Imports of Apples and Pears (II)	NA	NA	172	United States	Norway	2	385
238	1990	0	0	1	0	3	2	1	1	0	1	0	0	0.0318987257778645	0.307362705469131	0.905975997447968	1	1	1990-07-04	Provincial liquor boards (II)	NA	NA	173	United States	Canada	2	20
239	1990	1	0	1	0	2	3	1	1	0	1	1	0	0.195546194911003	0.00829304940998554	0.0406842604279518	1	1	1990-11-05	Tuna import prohibition	NA	NA	175	Mexico	United States	70	2
242	1991	0	0	1	0	1	1	0	1	1	1	0	0	0.0440188832581043	0.0362811423838139	0.451819807291031	1	1	1991-02-01	NSF sonar mapping procurement	NA	NA	NA	European Community	United States	995	2
240	1991	0	0	1	0	3	2	0	1	0	1	0	0	0.325915068387985	0.0336045250296593	0.0934706404805183	1	1	1991-02-11	Alcoholic and malt beverages	NA	NA	178	Canada	United States	20	2
243	1991	0	0	1	0	1	2	0	1	1	1	0	0	0.00058425305178389	0.0281067080795765	0.979636311531067	1	1	1991-03-01	Trondheim toll ring procurement	NA	NA	NA	United States	Norway	2	385
244	1991	0	0	0	0	2	2	1	1	0	1	0	0	0.0374871604144573	0.000779244175646454	0.020363662391901	1	2	1991-03-05	CVD on salmon imports	NA	1	179	Norway	United States	385	2
279	1991	1	0	0	0	NA	2	0	0	0	0	0	0	0.0600590631365776	0.00601035123690963	0.0909702479839325	0	NA	1991-03-18	Restricts on dairy prods & starch, compliance with 1987 panel ruling	NA	1	NA	Australia	Japan	900	740
280	1991	1	0	0	0	NA	2	0	0	0	0	0	0	0.0688726007938385	0.000999514246359468	0.0143049089238048	0	NA	1991-03-18	Restricts on dairy prods & starch, compliance with 1987 panel ruling	NA	1	NA	New Zealand	Japan	920	740
587	1991	1	NA	0	0	NA	2	NA	NA	NA	0	0	0	0.0255044028162956	0.0476942621171474	0.651572823524475	0	NA	1991-03-18	Restricts on dairy prods & starch, compliance with 1987 panel ruling	NA	1	NA	United States	Japan	2	740
588	1991	1	NA	0	0	NA	2	NA	NA	NA	0	1	0	0.00373919517733157	0.000177808891749009	0.0453941039741039	0	NA	1991-03-18	Restricts on dairy prods & starch, compliance with 1987 panel ruling	NA	1	NA	Argentina	Japan	160	740
589	1991	1	NA	0	0	NA	2	NA	NA	NA	0	0	0	0.0253996420651674	0.00489747151732445	0.161648124456406	0	NA	1991-03-18	Restricts on dairy prods & starch, compliance with 1987 panel ruling	NA	1	NA	Canada	Japan	20	740
590	1991	1	NA	0	0	NA	2	NA	NA	NA	0	1	0	0.165364637970924	0.00475178332999349	0.0279325395822525	0	NA	1991-03-18	Restricts on dairy prods & starch, compliance with 1987 panel ruling	NA	1	NA	Thailand	Japan	800	740
591	1991	1	NA	0	0	NA	2	NA	NA	NA	0	1	0	0.00771302403882146	2.17168599192519e-05	0.00280770333483815	0	NA	1991-03-18	Restricts on dairy prods & starch, compliance with 1987 panel ruling	NA	1	NA	Uruguay	Japan	165	740
241	1991	0	0	1	0	1	2	1	1	0	1	1	0	0.190336406230927	0.00901127140969038	0.0452037900686264	1	1	1991-07-01	AD duties on Mexican cement	NA	NA	NA	Mexico	United States	70	2
256	1991	0	0	0	0	2	3	1	1	0	1	0	0	0.325915068387985	0.0336045250296593	0.0934706404805183	0	NA	1991-09-01	CVD on pure and alloy magnesium	NA	NA	NA	Canada	United States	20	2
482	1991	NA	NA	0	0	NA	2	NA	NA	NA	0	0	0	0.0348650552332401	0.042300783097744	0.548180162906647	0	NA	1991-09-17	Measures Affecting Imports of Corn Gluten Feed	NA	NA	180	United States	European Community	2	995
245	1991	0	0	0	0	2	1	1	1	0	1	0	0	0.325915068387985	0.0336045250296593	0.0934706404805183	1	2	1991-11-01	CVD on Softwood Lumber (III)	NA	NA	NA	Canada	United States	20	2
252	1992	0	0	0	0	0	3	1	1	0	0	1	1	0.00241582002490759	0.00313407508656383	0.564708888530731	0	NA	1992-01-01	AD proceeding on Brazilian textiles	NA	NA	NA	Brazil	Mexico	140	70
255	1992	0	0	1	0	2	1	1	1	0	1	0	0	0.0360133685171604	0.00150921929161996	0.0402216203510761	1	1	1992-01-01	AD duty on stainless steel plate	NA	NA	NA	Sweden	United States	380	2
257	1992	1	0	1	0	NA	1	0	1	0	1	0	0	0.0309957675635815	0.03507125005126	0.530843555927277	1	1	1992-03-20	Tuna Import Ban Extension	NA	NA	182	European Community	United States	995	2
251	1992	0	0	0	0	1	3	1	1	0	0	1	1	0.00278793089091778	0.000842150067910552	0.231992080807686	0	NA	1992-06-01	AD duties on Pakistani cotton	NA	NA	NA	Pakistan	Turkey	770	640
246	1992	1	0	1	0	2	1	1	1	1	1	1	0	0.065795049071312	0.000422405631979927	0.00637906836345792	1	1	1992-06-12	Member States' Import Regimes for Bananas (I)	NA	1	188	Colombia	European Community	100	995
247	1992	1	0	1	0	2	1	1	1	1	1	1	0	0.112528972327709	9.81924822553992e-05	0.00087183655705303	1	1	1992-06-12	Member States' Import Regimes for Bananas (I)	NA	1	188	Costa Rica	European Community	94	995
248	1992	1	0	1	0	2	1	1	1	1	1	1	0	0.0398791991174221	5.80488558625802e-05	0.00145350163802505	1	1	1992-06-12	Member States' Import Regimes for Bananas (I)	NA	1	188	Guatemala	European Community	90	995
249	1992	1	0	1	0	2	1	1	1	1	1	1	0	0.0859923735260963	2.31390695262235e-05	0.000269010430201888	1	1	1992-06-12	Member States' Import Regimes for Bananas (I)	NA	1	188	Nicaragua	European Community	93	995
250	1992	1	0	1	0	2	1	1	1	1	1	1	0	0.0791923776268959	0.000655094743706286	0.0082043269649148	1	1	1992-06-12	Member States' Import Regimes for Bananas (I)	NA	1	188	Venezuela	European Community	101	995
258	1992	1	0	1	0	NA	1	0	1	0	1	0	0	0.0514755435287952	0.00261569977737963	0.0483571775257587	1	1	1992-07-10	Tuna Import Ban Extension	NA	NA	182	Netherlands	United States	210	2
487	1993	1	0	1	0	NA	1	NA	NA	NA	1	1	0	0.061609786003828	0.00042770549771376	0.00689430674538016	1	1	1993-01-28	Import Regime for Bananas (II)	NA	1	189	Colombia	European Community	100	995
488	1993	1	0	1	0	NA	1	NA	NA	NA	1	1	0	0.106227159500122	0.000100984259916004	0.000949741574004292	1	1	1993-01-28	Import Regime for Bananas (II)	NA	1	189	Costa Rica	European Community	94	995
489	1993	1	0	1	0	NA	1	NA	NA	NA	1	1	0	0.0444155745208263	6.54091345495544e-05	0.00147049664519727	1	1	1993-01-28	Import Regime for Bananas (II)	NA	1	189	Guatemala	European Community	90	995
490	1993	1	0	1	0	NA	1	NA	NA	NA	1	1	0	0.072326734662056	1.88074191100895e-05	0.000259966502198949	1	1	1993-01-28	Import Regime for Bananas (II)	NA	1	189	Nicaragua	European Community	93	995
491	1993	1	0	1	0	NA	1	NA	NA	NA	1	1	0	0.0719174072146416	0.000616434204857796	0.00849857367575169	1	1	1993-01-28	Import Regime for Bananas (II)	NA	1	189	Venezuela	European Community	101	995
592	1993	NA	NA	0	0	NA	1	NA	NA	NA	0	1	0	0.191553071141243	0.000307932175928727	0.00160497520118952	0	NA	1993-01-28	Import Regime for Bananas (II)	NA	1	189	Cameroon	European Community	471	995
593	1993	NA	NA	0	0	NA	1	NA	NA	NA	0	1	0	0.263390898704529	0.000414375419495627	0.00157076236791909	0	NA	1993-01-28	Import Regime for Bananas (II)	NA	1	189	Cote d'Ivoire	European Community	437	995
594	1993	NA	NA	0	0	NA	1	NA	NA	NA	0	1	0	0.159783706068993	7.17850125511177e-05	0.000449061917606741	0	NA	1993-01-28	Import Regime for Bananas (II)	NA	1	189	Jamaica	European Community	51	995
253	1993	1	0	0	0	0	3	0	1	0	0	0	0	0.0374973528087139	0.00300793303176761	0.0742602646350861	0	NA	1993-07-16	Bovine semen restrictions	NA	NA	192	Canada	European Community	20	995
283	1993	1	0	0	0	1	3	0	1	0	1	1	0	0.0201863758265972	0.000758995942305773	0.0362369269132614	1	2	1993-07-23	US Tobacco restrictions	NA	0	193	Argentina	United States	160	2
284	1993	1	0	0	0	1	3	0	1	0	1	1	0	0.149568170309067	0.000147933693369851	0.000988094718195498	1	2	1993-07-23	US Tobacco restrictions	NA	0	193	El Salvador	United States	92	2
285	1993	1	0	0	0	1	3	0	1	0	1	1	0	0.0310395248234272	0.00201121484860778	0.060852337628603	1	2	1993-07-23	US Tobacco restrictions	NA	0	193	Brazil	United States	140	2
286	1993	1	0	0	0	1	3	0	1	0	1	1	0	0.156359687447548	0.000270816381089389	0.00172901432961226	1	2	1993-07-23	US Tobacco restrictions	NA	0	193	Guatemala	United States	90	2
288	1993	1	0	0	0	1	3	0	1	0	1	1	0	0.108377225697041	0.00200391514226794	0.0181545075029135	1	2	1993-07-23	US Tobacco restrictions	NA	0	193	Thailand	United States	800	2
289	1993	1	0	0	0	1	3	0	1	0	1	1	0	0.0852481573820114	0.00059163523837924	0.00689231883734465	1	2	1993-07-23	US Tobacco restrictions	NA	0	193	Chile	United States	155	2
290	1993	1	0	0	0	1	3	0	1	0	1	1	0	0.0352364517748356	3.94677881558891e-05	0.00111883087083697	1	2	1993-07-23	US Tobacco restrictions	NA	0	193	Zimbabwe	United States	552	2
291	1993	1	0	0	0	1	3	0	1	0	1	1	0	0.108975827693939	0.000889758870471269	0.00809861347079277	1	2	1993-07-23	US Tobacco restrictions	NA	0	193	Colombia	United States	100	2
254	1993	0	0	0	0	1	2	1	1	0	0	0	0	0.0374973528087139	0.00300793303176761	0.0742602646350861	0	NA	1993-08-18	Restrictions on Canadian scallops	NA	1	NA	Canada	European Community	20	995
493	1993	1	0	0	0	NA	3	NA	NA	NA	1	0	0	0.357023984193802	0.0336830951273441	0.0862106084823608	1	2	1993-09-27	US Tobacco Restrictions	NA	0	193	Canada	United States	20	2
494	1993	NA	NA	0	0	NA	3	NA	NA	NA	0	0	0	0.0293788723647594	0.0345527119934559	0.540463864803314	0	NA	1993-10-06	US Tobacco Restrictions	NA	0	193	European Community	United States	995	2
305	1994	0	0	0	0	NA	3	0	1	0	1	1	0	0.226164072751999	0.00214152340777218	0.00938007421791553	0	NA	1994-01-14	Standards For Reformulated and Conventional Gasoline	NA	1	195	Venezuela	United States	101	2

